2.93542449
8.27732676
1.69670212
2.78874639
8.19956161
10.71709564
4.58157702
4.35984400
6.39770212
6.27016168
2.94885379
3.28309056
5.29243504
5.02367784
2.40823610
8.24438008
4.15340706
3.35789515
6.55054482
2.53619924
3.96630083
11.90162367
8.18387320
3.61724668
4.04790895
2.58291631
7.09859226
39.86231076
2.59915516
5.18947996
3.16938126
6.38053352
8.51379340
3.41283494
3.05392200
8.14689195
3.77872338
9.08382335
3.35798367
3.19491765
7.48321422
2.67152053
16.31326867
7.91318149
2.90165486
4.77163697
4.70087819
2.61999898
4.30091670
5.37036334
